255 255 255 255 255 255 255 255 255 255 255 255 255 255 255 255
255 255 255 255 255 255 255 255 255 255 255 255 255 255 255 255
255 255   0   0   0   0   0   0   0   0   0   0   0   0 255 255
255 255   0   0   0   0   0   0   0   0   0   0   0   0 255 255
255 255   0   0   0   0   0   0   0   0   0   0   0   0 255 255
255 255   0   0   0   0   0   0 255   0   0   0   0   0 255 255
255 255   0   0   0   0 255 255 255 255   0   0   0   0 255 255
255 255   0   0   0   0   0 255   0   0 255   0   0   0 255 255
255 255   0   0   0 255 255 255 255   0 255   0   0   0 255 255
255 255   0   0   0   0 255 255 255 255   0   0   0   0 255 255
255 255   0   0   0   0   0   0   0 255   0   0   0   0 255 255
255 255   0   0   0   0   0   0   0   0   0   0   0   0 255 255
255 255   0   0   0   0   0   0   0   0   0   0   0   0 255 255
255 255   0   0   0   0   0   0   0   0   0   0   0   0 255 255
255 255 255 255 255 255 255 255 255 255 255 255 255 255 255 255
255 255 255 255 255 255 255 255 255 255 255 255 255 255 255 255
255 255 255 255 255 255 255 255 255 255 255 255 255 255 255 255
255 255 255 255 255 255 255 255 255 255 255 255 255 255 255 255
255 255   0   0   0   0   0   0   0   0   0   0   0   0 255 255
255 255   0   0   0   0   0   0   0   0   0   0   0   0 255 255
255 255   0   0   0   0   0   0   0   0   0   0   0   0 255 255
255 255   0   0   0   0   0   0 255   0   0   0   0   0 255 255
255 255   0   0   0   0 255 255 255 255   0   0   0   0 255 255
255 255   0   0   0   0   0 255   0   0 255   0   0   0 255 255
255 255   0   0   0 255 255 255 255   0 255   0   0   0 255 255
255 255   0   0   0   0 255 255 255 255   0   0   0   0 255 255
255 255   0   0   0   0   0   0   0 255   0   0   0   0 255 255
255 255   0   0   0   0   0   0   0   0   0   0   0   0 255 255
255 255   0   0   0   0   0   0   0   0   0   0   0   0 255 255
255 255   0   0   0   0   0   0   0   0   0   0   0   0 255 255
255 255 255 255 255 255 255 255 255 255 255 255 255 255 255 255
255 255 255 255 255 255 255 255 255 255 255 255 255 255 255 255
255 255 255 255 255 255 255 255 255 255 255 255 255 255 255 255
255 255 255 255 255 255 255 255 255 255 255 255 255 255 255 255
255 255   0   0   0   0   0   0   0   0   0   0   0   0 255 255
255 255   0   0   0   0   0   0   0   0   0   0   0   0 255 255
255 255   0   0   0   0   0   0   0   0   0   0   0   0 255 255
255 255   0   0   0   0   0   0 255   0   0   0   0   0 255 255
255 255   0   0   0   0 255 255 255 255   0   0   0   0 255 255
255 255   0   0   0   0   0 255   0   0 255   0   0   0 255 255
255 255   0   0   0 255 255 255 255   0 255   0   0   0 255 255
255 255   0   0   0   0 255 255 255 255   0   0   0   0 255 255
255 255   0   0   0   0   0   0   0 255   0   0   0   0 255 255
255 255   0   0   0   0   0   0   0   0   0   0   0   0 255 255
255 255   0   0   0   0   0   0   0   0   0   0   0   0 255 255
255 255   0   0   0   0   0   0   0   0   0   0   0   0 255 255
255 255 255 255 255 255 255 255 255 255 255 255 255 255 255 255
255 255 255 255 255 255 255 255 255 255 255 255 255 255 255 255

255 255 255 255 255 255 255 255 255 255 255 255 255 255 255 255
255 214 153 153 153 153 153 153 153 153 153 153 153 153 214 255
255 153   0   0   0   0   0   0   0   0   0   0   0   0 153 255
255 153   0   0   0   0   0   0   0   0   0   0   0   0 153 255
255 153   0   0  10  51  51  51  51  51  51  10   0   0 153 255
255 153   0   0  51 178 160 150 175 174 177  51   0   0 153 255
255 153   0   0  51 160 135 134  75 116 164  51   0   0 153 255
255 153   0   0  51 162 130 108 124  93 191  51   0   0 153 255
255 153   0   0  51 139 151 157 159 139 154  51   0   0 153 255
255 153   0   0  51 160 135 127  96 135 160  51   0   0 153 255
255 153   0   0  51 178 160 169 167 160 178  51   0   0 153 255
255 153   0   0  10  51  51  51  51  51  51  10   0   0 153 255
255 153   0   0   0   0   0   0   0   0   0   0   0   0 153 255
255 153   0   0   0   0   0   0   0   0   0   0   0   0 153 255
255 214 153 153 153 153 153 153 153 153 153 153 153 153 214 255
255 255 255 255 255 255 255 255 255 255 255 255 255 255 255 255
255 255 255 255 255 255 255 255 255 255 255 255 255 255 255 255
255 214 153 153 153 153 153 153 153 153 153 153 153 153 214 255
255 153   0   0   0   0   0   0   0   0   0   0   0   0 153 255
255 153   0   0   0   0   0   0   0   0   0   0   0   0 153 255
255 153   0   0  10  51  51  51  51  51  51  10   0   0 153 255
255 153   0   0  51 178 160 150 175 174 177  51   0   0 153 255
255 153   0   0  51 160 135 134  75 116 164  51   0   0 153 255
255 153   0   0  51 162 130 108 124  93 191  51   0   0 153 255
255 153   0   0  51 139 151 157 159 139 154  51   0   0 153 255
255 153   0   0  51 160 135 127  96 135 160  51   0   0 153 255
255 153   0   0  51 178 160 169 167 160 178  51   0   0 153 255
255 153   0   0  10  51  51  51  51  51  51  10   0   0 153 255
255 153   0   0   0   0   0   0   0   0   0   0   0   0 153 255
255 153   0   0   0   0   0   0   0   0   0   0   0   0 153 255
255 214 153 153 153 153 153 153 153 153 153 153 153 153 214 255
255 255 255 255 255 255 255 255 255 255 255 255 255 255 255 255
255 255 255 255 255 255 255 255 255 255 255 255 255 255 255 255
255 214 153 153 153 153 153 153 153 153 153 153 153 153 214 255
255 153   0   0   0   0   0   0   0   0   0   0   0   0 153 255
255 153   0   0   0   0   0   0   0   0   0   0   0   0 153 255
255 153   0   0  10  51  51  51  51  51  51  10   0   0 153 255
255 153   0   0  51 178 160 150 175 174 177  51   0   0 153 255
255 153   0   0  51 160 135 134  75 116 164  51   0   0 153 255
255 153   0   0  51 162 130 108 124  93 191  51   0   0 153 255
255 153   0   0  51 139 151 157 159 139 154  51   0   0 153 255
255 153   0   0  51 160 135 127  96 135 160  51   0   0 153 255
255 153   0   0  51 178 160 169 167 160 178  51   0   0 153 255
255 153   0   0  10  51  51  51  51  51  51  10   0   0 153 255
255 153   0   0   0   0   0   0   0   0   0   0   0   0 153 255
255 153   0   0   0   0   0   0   0   0   0   0   0   0 153 255
255 214 153 153 153 153 153 153 153 153 153 153 153 153 214 255
255 255 255 255 255 255 255 255 255 255 255 255 255 255 255 255

255 255 255 255 255 255 255 255 255 255 255 255 255 255 255 255
255 214 153 153 153 153 153 153 153 153 153 153 153 153 214 255
255 153   0   0   0   0   0   0   0   0   0   0   0   0 153 255
255 153   0   0   0   0   0   0   0   0   0   0   0   0 153 255
255 153   0   0  10  51  51  51  51  51  51  10   0   0 153 255
255 153   0   0  51 177 164 191 154 160 178  51   0   0 153 255
255 153   0   0  51 174 116  93 139 135 160  51   0   0 153 255
255 153   0   0  51 175  75 124 159  96 167  51   0   0 153 255
255 153   0   0  51 150 134 108 157 127 169  51   0   0 153 255
255 153   0   0  51 160 135 130 151 135 160  51   0   0 153 255
255 153   0   0  51 178 160 162 139 160 178  51   0   0 153 255
255 153   0   0  10  51  51  51  51  51  51  10   0   0 153 255
255 153   0   0   0   0   0   0   0   0   0   0   0   0 153 255
255 153   0   0   0   0   0   0   0   0   0   0   0   0 153 255
255 214 153 153 153 153 153 153 153 153 153 153 153 153 214 255
255 255 255 255 255 255 255 255 255 255 255 255 255 255 255 255
255 255 255 255 255 255 255 255 255 255 255 255 255 255 255 255
255 214 153 153 153 153 153 153 153 153 153 153 153 153 214 255
255 153   0   0   0   0   0   0   0   0   0   0   0   0 153 255
255 153   0   0   0   0   0   0   0   0   0   0   0   0 153 255
255 153   0   0  10  51  51  51  51  51  51  10   0   0 153 255
255 153   0   0  51 177 164 191 154 160 178  51   0   0 153 255
255 153   0   0  51 174 116  93 139 135 160  51   0   0 153 255
255 153   0   0  51 175  75 124 159  96 167  51   0   0 153 255
255 153   0   0  51 150 134 108 157 127 169  51   0   0 153 255
255 153   0   0  51 160 135 130 151 135 160  51   0   0 153 255
255 153   0   0  51 178 160 162 139 160 178  51   0   0 153 255
255 153   0   0  10  51  51  51  51  51  51  10   0   0 153 255
255 153   0   0   0   0   0   0   0   0   0   0   0   0 153 255
255 153   0   0   0   0   0   0   0   0   0   0   0   0 153 255
255 214 153 153 153 153 153 153 153 153 153 153 153 153 214 255
255 255 255 255 255 255 255 255 255 255 255 255 255 255 255 255
255 255 255 255 255 255 255 255 255 255 255 255 255 255 255 255
255 214 153 153 153 153 153 153 153 153 153 153 153 153 214 255
255 153   0   0   0   0   0   0   0   0   0   0   0   0 153 255
255 153   0   0   0   0   0   0   0   0   0   0   0   0 153 255
255 153   0   0  10  51  51  51  51  51  51  10   0   0 153 255
255 153   0   0  51 177 164 191 154 160 178  51   0   0 153 255
255 153   0   0  51 174 116  93 139 135 160  51   0   0 153 255
255 153   0   0  51 175  75 124 159  96 167  51   0   0 153 255
255 153   0   0  51 150 134 108 157 127 169  51   0   0 153 255
255 153   0   0  51 160 135 130 151 135 160  51   0   0 153 255
255 153   0   0  51 178 160 162 139 160 178  51   0   0 153 255
255 153   0   0  10  51  51  51  51  51  51  10   0   0 153 255
255 153   0   0   0   0   0   0   0   0   0   0   0   0 153 255
255 153   0   0   0   0   0   0   0   0   0   0   0   0 153 255
255 214 153 153 153 153 153 153 153 153 153 153 153 153 214 255
255 255 255 255 255 255 255 255 255 255 255 255 255 255 255 255

255 255 255 255 255 255 255 255 255 255 255 255 255 255 255 255
255 214 153 153 153 153 153 153 153 153 153 153 153 153 214 255
255 153   0   0   0   0   0   0   0   0   0   0   0   0 153 255
255 153   0   0   0   0   0   0   0   0   0   0   0   0 153 255
255 153   0   0  10  51  51  51  51  51  51  10   0   0 153 255
255 153   0   0  51 178 160 167 169 160 178  51   0   0 153 255
255 153   0   0  51 160 135  96 127 135 160  51   0   0 153 255
255 153   0   0  51 154 139 159 157 151 139  51   0   0 153 255
255 153   0   0  51 191  93 124 108 130 162  51   0   0 153 255
255 153   0   0  51 164 116  75 134 135 160  51   0   0 153 255
255 153   0   0  51 177 174 175 150 160 178  51   0   0 153 255
255 153   0   0  10  51  51  51  51  51  51  10   0   0 153 255
255 153   0   0   0   0   0   0   0   0   0   0   0   0 153 255
255 153   0   0   0   0   0   0   0   0   0   0   0   0 153 255
255 214 153 153 153 153 153 153 153 153 153 153 153 153 214 255
255 255 255 255 255 255 255 255 255 255 255 255 255 255 255 255
255 255 255 255 255 255 255 255 255 255 255 255 255 255 255 255
255 214 153 153 153 153 153 153 153 153 153 153 153 153 214 255
255 153   0   0   0   0   0   0   0   0   0   0   0   0 153 255
255 153   0   0   0   0   0   0   0   0   0   0   0   0 153 255
255 153   0   0  10  51  51  51  51  51  51  10   0   0 153 255
255 153   0   0  51 178 160 167 169 160 178  51   0   0 153 255
255 153   0   0  51 160 135  96 127 135 160  51   0   0 153 255
255 153   0   0  51 154 139 159 157 151 139  51   0   0 153 255
255 153   0   0  51 191  93 124 108 130 162  51   0   0 153 255
255 153   0   0  51 164 116  75 134 135 160  51   0   0 153 255
255 153   0   0  51 177 174 175 150 160 178  51   0   0 153 255
255 153   0   0  10  51  51  51  51  51  51  10   0   0 153 255
255 153   0   0   0   0   0   0   0   0   0   0   0   0 153 255
255 153   0   0   0   0   0   0   0   0   0   0   0   0 153 255
255 214 153 153 153 153 153 153 153 153 153 153 153 153 214 255
255 255 255 255 255 255 255 255 255 255 255 255 255 255 255 255
255 255 255 255 255 255 255 255 255 255 255 255 255 255 255 255
255 214 153 153 153 153 153 153 153 153 153 153 153 153 214 255
255 153   0   0   0   0   0   0   0   0   0   0   0   0 153 255
255 153   0   0   0   0   0   0   0   0   0   0   0   0 153 255
255 153   0   0  10  51  51  51  51  51  51  10   0   0 153 255
255 153   0   0  51 178 160 167 169 160 178  51   0   0 153 255
255 153   0   0  51 160 135  96 127 135 160  51   0   0 153 255
255 153   0   0  51 154 139 159 157 151 139  51   0   0 153 255
255 153   0   0  51 191  93 124 108 130 162  51   0   0 153 255
255 153   0   0  51 164 116  75 134 135 160  51   0   0 153 255
255 153   0   0  51 177 174 175 150 160 178  51   0   0 153 255
255 153   0   0  10  51  51  51  51  51  51  10   0   0 153 255
255 153   0   0   0   0   0   0   0   0   0   0   0   0 153 255
255 153   0   0   0   0   0   0   0   0   0   0   0   0 153 255
255 214 153 153 153 153 153 153 153 153 153 153 153 153 214 255
255 255 255 255 255 255 255 255 255 255 255 255 255 255 255 255
